0.13029999995231628
0.1435
0.13059999990463256
0.14359999990463257
0.14870000004768372
0.14870000004768372
0.10909999990463257
0.11160000002384186
0.11270000004768371
0.11770000004768372
0.12830000007152556
0.11160000002384186
0.10969999992847443
0.10860000002384186
0.10810000002384186
0.11680000007152558
0.12839999997615814
0.11540000009536742
0.10980000007152557
0.11360000002384185
0.10810000002384186
0.11330000007152558
0.11159999990463257
0.11310000002384185
0.11179999995231628
0.123
0.12109999990463256
0.11630000007152558
0.111
0.10730000007152557
0.1085
0.11240000009536744
0.10830000007152557
0.10740000009536743
0.10780000007152557
0.10790000009536743
0.10770000004768372
0.10760000002384186
0.10779999995231629
0.11039999997615814
0.1125
0.10820000004768372
0.10869999992847443
0.11020000004768371
0.10859999990463257
0.109
0.109
0.10970000004768371
0.1095
0.11110000002384186
0.10869999992847443
0.10910000002384186
0.11489999997615814
0.13660000002384184
0.12789999997615814
0.1345
0.11529999995231628
0.115
0.10970000004768371
0.11
0.10829999995231629
0.10860000002384186
0.10920000004768371
0.11010000002384186
0.10909999990463257
0.116
0.133
0.1505
0.1397999999523163
0.13310000002384187
0.109
0.10980000007152557
0.10890000009536743
0.1135
0.28239999997615817
0.12879999995231628
0.16409999990463256
0.1407999999523163
0.18379999995231627
0.11939999997615815
0.1263000000715256
0.13289999997615815
0.1085
0.10889999997615814
0.10790000009536743
0.10810000002384186
0.11079999995231628
0.10829999995231629
0.10739999997615814
0.10870000004768371
0.10829999995231629
0.10729999995231629
0.10789999997615814
0.10760000002384186
0.10769999992847443
0.10739999997615814
0.1075
0.108
0.10810000002384186
0.10789999997615814