0.8733999999761581
0.8368999999761582
0.8348999999761582
0.8287999999523162
0.8463999999761581
0.8517000000476838
0.8453000000715256
0.8322000000476837
0.8655999999046325
0.8838000000715256
0.8397000000476837
1.6901999999284745
0.9113999999761582
0.9377999999523163
0.9603000000715256
0.8591000000238419
0.8296999999284744
0.8257000000476837
0.8307000000476837
0.8326999999284744
0.8238999999761581
0.9112000000476838
0.8308999999761582
0.8361000000238419
0.8785
0.8226999999284744
0.8261999999284744
0.9025
0.8971999999284744
0.8378000000715256
0.8797000000476837
0.8257000000476837
0.828
0.8366999999284744
0.8325
0.8462999999523163
0.8226000000238418
0.8222999999523163
0.8837999999523163
0.845
0.9031000000238418
0.8717999999523163
0.8547000000476838
0.8538000000715256
0.8323999999761581
0.8548000000715256
0.8653999999761581
0.8688999999761582
0.8336999999284744
0.8213999999761581
0.8645
0.8329000000953675
0.8285
0.857
1.0472999999523163
0.8388999999761582
0.8867999999523163
0.8211999999284745
0.8223000000715256
0.8304000000953674
0.8913000000715255
0.8215
0.8205
0.8345
0.8232999999523163
0.828
0.8625
0.8378999999761582
0.8683999999761581
0.8712999999523163
0.8773000000715255
2.1382000000476835
1.46
1.083399999976158
1.275
0.8837000000476837
0.8198000000715255
1.1117000000476838
0.8296999999284744
0.8276999999284744
0.8267999999523162
0.8215
0.8216000000238418
0.824
0.8191999999284745
0.8197999999523163
0.8192000000476837
0.8212000000476837
0.8205
0.8523999999761581
0.8234000000953674
0.8232000000476837
0.822
0.8222999999523163
0.8415999999046325
0.8328999999761582
0.8226000000238418
0.821
0.8187000000476837
0.8843999999761581