0.121155
0.130806
0.130685
0.128792
0.136761
0.148143
0.124896
0.136983
0.124098
0.126511
0.119466
0.122361
0.118542
0.124276
0.118575
0.123533
0.139738
0.142399
0.145434
0.14499
0.129972
0.154209
0.151102
0.142604
0.141398
0.123397
0.125909
0.124352
0.122663
0.119963
0.122862
0.117827
0.118051
0.120126
0.118719
0.118086
0.118626
0.117099
0.116453
0.120073
0.116549
0.114224
0.114627
0.116806
0.116215
0.123091
0.153063
0.14101
0.12851
0.143776
0.137706
0.13313
0.141715
0.1387
0.121706
0.131369
0.129328
0.117232
0.118835
0.125299
0.137732
0.13231
0.133033
0.151064
0.14485
0.135498
0.129101
0.125914
0.129771
0.123584
0.118432
0.122458
0.117839
0.125236
0.121985
0.12438
0.133165
0.136447
0.118284
0.115308
0.116376
0.118624
0.129503
0.118278
0.113549
0.118742
0.113436
0.114246
0.113653
0.113362
0.11566
0.118455
0.119156
0.116475
0.120999
0.118896
0.117773
0.115163
0.127999
0.117833